


























74431



95512

















11382













27780


























































75062








































52365






25211










































































9206








43955


16207

















58027




























































































































































































80196


























79298







